drugbank_id
DB00001
DB00002
DB00004
DB00005
DB00006
DB00007
DB00008
DB00009
DB00010
DB00011
DB00012
DB00013
DB00014
DB00015
DB00016
DB00017
DB00018
DB00019
DB00020
DB00021
DB00022
DB00024
DB00025
DB00026
DB00027
DB00028
DB00029
DB00030
DB00031
DB00032
DB00033
DB00034
DB00035
DB00036
DB00038
DB00039
DB00040
DB00041
DB00042
DB00043
DB00044
DB00045
DB00046
DB00047
DB00048
DB00050
DB00051
DB00052
DB00054
DB00055
DB00056
DB00058
DB00060
DB00061
DB00062
DB00063
DB00065
DB00066
DB00067
DB00068
DB00069
DB00070
DB00071
DB00072
DB00073
DB00074
DB00075
DB00078
DB00081
DB00082
DB00083
DB00086
DB00087
DB00089
DB00091
DB00092
DB00093
DB00094
DB00095
DB00097
DB00098
DB00099
DB00100
DB00102
DB00104
DB00105
DB00106
DB00107
DB00108
DB00110
DB00111
DB00112
DB00113
DB00114
DB00115
DB00116
DB00117
DB00118
DB00119
DB00120
DB00121
DB00122
DB00123
DB00125
DB00126
DB00127
DB00128
DB00129
DB00130
DB00131
DB00132
DB00133
DB00134
DB00135
DB00136
DB00137
DB00138
DB00139
DB00140
DB00141
DB00142
DB00143
DB00144
DB00145
DB00146
DB00147
DB00148
DB00149
DB00150
DB00151
DB00152
DB00153
DB00154
DB00155
DB00156
DB00157
DB00158
DB00159
DB00160
DB00161
DB00162
DB00163
DB00165
DB00166
DB00167
DB00168
DB00169
DB00170
DB00171
DB00172
DB00173
DB00174
DB00175
DB00176
DB00177
DB00178
DB00179
DB00180
DB00181
DB00182
DB00183
DB00184
DB00185
DB00186
DB00187
DB00188
DB00189
DB00190
DB00191
DB00192
DB00193
DB00194
DB00195
DB00196
DB00197
DB00198
DB00199
DB00200
DB00201
DB00202
DB00203
DB00204
DB00205
DB00206
DB00207
DB00208
DB00209
DB00210
DB00211
DB00212
DB00213
DB00214
DB00215
DB00216
DB00217
DB00218
DB00219
DB00220
DB00221
DB00222
DB00223
DB00224
DB00226
DB00227
DB00228
DB00229
DB00230
DB00231
DB00232
DB00233
DB00234
DB00235
DB00237
DB00238
DB00239
DB00240
DB00241
DB00242
DB00243
DB00244
DB00245
DB00246
DB00247
DB00248
DB00250
DB00252
DB00253
DB00254
DB00255
DB00257
DB00259
DB00260
DB00261
DB00262
DB00263
DB00264
DB00266
DB00268
DB00269
DB00270
DB00272
DB00273
DB00274
DB00275
DB00276
DB00277
DB00278
DB00279
DB00280
DB00281
DB00282
DB00283
DB00284
DB00285
DB00286
DB00287
DB00288
DB00289
DB00290
DB00291
DB00292
DB00293
DB00294
DB00295
DB00296
DB00297
DB00298
DB00300
DB00301
DB00302
DB00304
DB00305
DB00306
DB00307
DB00308
DB00309
DB00310
DB00311
DB00312
DB00313
DB00315
DB00316
DB00317
DB00318
DB00319
DB00320
DB00321
DB00322
DB00323
DB00324
DB00325
DB00327
DB00328
DB00331
DB00332
DB00333
DB00334
DB00335
DB00336
DB00337
DB00338
DB00339
DB00340
DB00341
DB00342
DB00343
DB00344
DB00345
DB00346
DB00347
DB00348
DB00349
DB00350
DB00351
DB00352
DB00353
DB00354
DB00356
DB00357
DB00358
DB00359
DB00360
DB00361
DB00363
DB00364
DB00365
DB00366
DB00367
DB00368
DB00369
DB00370
DB00371
DB00372
DB00373
DB00374
DB00376
DB00377
DB00378
DB00379
DB00380
DB00381
DB00382
DB00383
DB00384
DB00385
DB00387
DB00388
DB00389
DB00390
DB00391
DB00392
DB00393
DB00394
DB00395
DB00396
DB00397
DB00398
DB00399
DB00400
DB00401
DB00402
DB00403
DB00404
DB00405
DB00407
DB00408
DB00409
DB00411
DB00412
DB00413
DB00414
DB00415
DB00416
DB00417
DB00418
DB00419
DB00420
DB00421
DB00422
DB00423
DB00424
DB00425
DB00426
DB00427
DB00428
DB00429
DB00430
DB00431
DB00432
DB00433
DB00434
DB00435
DB00436
DB00437
DB00438
DB00439
DB00440
DB00441
DB00443
DB00444
DB00445
DB00446
DB00447
DB00448
DB00449
DB00450
DB00451
DB00452
DB00454
DB00455
DB00456
DB00457
DB00458
DB00459
DB00461
DB00462
DB00463
DB00464
DB00465
DB00466
DB00467
DB00468
DB00469
DB00470
DB00471
DB00472
DB00473
DB00474
DB00475
DB00476
DB00477
DB00480
DB00481
DB00482
DB00483
DB00484
DB00485
DB00486
DB00487
DB00489
DB00490
DB00491
DB00492
DB00493
DB00494
DB00495
DB00496
DB00497
DB00498
DB00499
DB00500
DB00501
DB00502
DB00503
DB00504
DB00505
DB00508
DB00509
DB00511
DB00512
DB00513
DB00514
DB00515
DB00517
DB00518
DB00519
DB00520
DB00521
DB00522
DB00523
DB00524
DB00526
DB00527
DB00528
DB00529
DB00530
DB00531
DB00532
DB00533
DB00534
DB00535
DB00536
DB00537
DB00539
DB00540
DB00541
DB00542
DB00543
DB00544
DB00545
DB00546
DB00547
DB00548
DB00549
DB00550
DB00551
DB00552
DB00553
DB00554
DB00555
DB00557
DB00558
DB00559
DB00562
DB00563
DB00564
DB00565
DB00567
DB00568
DB00569
DB00570
DB00571
DB00572
DB00573
DB00574
DB00575
DB00576
DB00577
DB00578
DB00579
DB00580
DB00582
DB00583
DB00584
DB00585
DB00586
DB00587
DB00588
DB00589
DB00590
DB00591
DB00592
DB00593
DB00594
DB00595
DB00596
DB00598
DB00599
DB00600
DB00601
DB00602
DB00603
DB00604
DB00605
DB00606
DB00607
DB00608
DB00610
DB00611
DB00612
DB00613
DB00614
DB00615
DB00616
DB00617
DB00619
DB00620
DB00621
DB00622
DB00623
DB00624
DB00625
DB00626
DB00627
DB00628
DB00629
DB00630
DB00631
DB00633
DB00635
DB00636
DB00637
DB00640
DB00641
DB00642
DB00643
DB00644
DB00645
DB00647
DB00648
DB00649
DB00651
DB00652
DB00653
DB00654
DB00655
DB00656
DB00657
DB00659
DB00661
DB00663
DB00665
DB00666
DB00668
DB00669
DB00670
DB00671
DB00672
DB00673
DB00674
DB00675
DB00677
DB00678
DB00679
DB00680
DB00682
DB00683
DB00685
DB00686
DB00687
DB00688
DB00689
DB00690
DB00691
DB00692
DB00693
DB00694
DB00695
DB00696
DB00697
DB00698
DB00699
DB00700
DB00701
DB00702
DB00703
DB00704
DB00705
DB00706
DB00707
DB00708
DB00709
DB00710
DB00711
DB00712
DB00713
DB00714
DB00715
DB00716
DB00717
DB00718
DB00719
DB00720
DB00721
DB00722
DB00723
DB00724
DB00725
DB00726
DB00727
DB00728
DB00729
DB00730
DB00731
DB00732
DB00733
DB00734
DB00735
DB00736
DB00737
DB00738
DB00740
DB00741
DB00742
DB00743
DB00744
DB00745
DB00746
DB00747
DB00748
DB00749
DB00750
DB00751
DB00752
DB00753
DB00754
DB00755
DB00756
DB00757
DB00758
DB00759
DB00761
DB00762
DB00763
DB00764
DB00765
DB00767
DB00768
DB00769
DB00770
DB00771
DB00772
DB00773
DB00774
DB00775
DB00776
DB00777
DB00778
DB00779
DB00780
DB00782
DB00783
DB00784
DB00785
DB00786
DB00787
DB00788
DB00790
DB00792
DB00794
DB00795
DB00796
DB00797
DB00798
DB00799
DB00800
DB00801
DB00802
DB00804
DB00805
DB00806
DB00807
DB00808
DB00809
DB00810
DB00811
DB00812
DB00813
DB00814
DB00815
DB00816
DB00818
DB00819
DB00820
DB00821
DB00822
DB00823
DB00824
DB00825
DB00827
DB00829
DB00830
DB00831
DB00833
DB00834
DB00835
DB00836
DB00837
DB00838
DB00839
DB00841
DB00842
DB00843
DB00844
DB00845
DB00846
DB00847
DB00848
DB00849
DB00850
DB00851
DB00852
DB00853
DB00854
DB00855
DB00856
DB00857
DB00858
DB00859
DB00860
DB00861
DB00862
DB00863
DB00864
DB00865
DB00866
DB00867
DB00868
DB00869
DB00870
DB00871
DB00872
DB00873
DB00875
DB00876
DB00877
DB00878
DB00879
DB00880
DB00881
DB00882
DB00883
DB00884
DB00886
DB00887
DB00889
DB00890
DB00891
DB00892
DB00893
DB00894
DB00895
DB00896
DB00897
DB00898
DB00899
DB00900
DB00901
DB00902
DB00903
DB00904
DB00905
DB00906
DB00907
DB00908
DB00909
DB00910
DB00911
DB00912
DB00913
DB00914
DB00915
DB00916
DB00917
DB00918
DB00920
DB00921
DB00922
DB00924
DB00925
DB00926
DB00927
DB00928
DB00929
DB00931
DB00932
DB00933
DB00934
DB00935
DB00936
DB00937
DB00938
DB00939
DB00940
DB00941
DB00942
DB00943
DB00944
DB00945
DB00946
DB00947
DB00949
DB00950
DB00951
DB00952
DB00953
DB00956
DB00957
DB00958
DB00959
DB00960
DB00961
DB00962
DB00963
DB00964
DB00966
DB00967
DB00968
DB00969
DB00970
DB00972
DB00973
DB00974
DB00975
DB00976
DB00977
DB00978
DB00979
DB00980
DB00981
DB00982
DB00983
DB00984
DB00985
DB00986
DB00987
DB00988
DB00989
DB00990
DB00991
DB00992
DB00993
DB00994
DB00995
DB00996
DB00997
DB00998
DB00999
DB01000
DB01001
DB01002
DB01003
DB01004
DB01005
DB01006
DB01007
DB01008
DB01009
DB01010
DB01011
DB01012
DB01013
DB01014
DB01015
DB01016
DB01017
DB01018
DB01019
DB01020
DB01021
DB01022
DB01023
DB01024
DB01025
DB01026
DB01028
DB01029
DB01030
DB01031
DB01032
DB01033
DB01034
DB01035
DB01036
DB01037
DB01038
DB01039
DB01041
DB01042
DB01043
DB01044
DB01045
DB01046
DB01047
DB01049
DB01050
DB01051
DB01053
DB01054
DB01055
DB01056
DB01057
DB01058
DB01059
DB01060
DB01062
DB01063
DB01064
DB01065
DB01067
DB01068
DB01069
DB01070
DB01071
DB01072
DB01073
DB01074
DB01075
DB01076
DB01078
DB01079
DB01080
DB01081
DB01082
DB01083
DB01084
DB01085
DB01086
DB01087
DB01088
DB01089
DB01090
DB01091
DB01092
DB01093
DB01094
DB01095
DB01096
DB01097
DB01098
DB01099
DB01100
DB01101
DB01102
DB01103
DB01104
DB01105
DB01106
DB01107
DB01108
DB01109
DB01110
DB01112
DB01113
DB01114
DB01115
DB01116
DB01117
DB01118
DB01119
DB01120
DB01121
DB01122
DB01123
DB01124
DB01125
DB01126
DB01127
DB01128
DB01129
DB01130
DB01131
DB01132
DB01133
DB01134
DB01135
DB01136
DB01137
DB01138
DB01140
DB01141
DB01142
DB01143
DB01144
DB01146
DB01147
DB01148
DB01149
DB01151
DB01153
DB01154
DB01156
DB01157
DB01158
DB01159
DB01160
DB01161
DB01162
DB01164
DB01165
DB01166
DB01167
DB01168
DB01169
DB01170
DB01171
DB01173
DB01174
DB01175
DB01176
DB01177
DB01178
DB01179
DB01180
DB01181
DB01182
DB01183
DB01184
DB01185
DB01186
DB01188
DB01189
DB01190
DB01191
DB01192
DB01193
DB01194
DB01195
DB01196
DB01197
DB01198
DB01199
DB01200
DB01201
DB01202
DB01203
DB01204
DB01205
DB01206
DB01207
DB01208
DB01209
DB01210
DB01211
DB01212
DB01213
DB01214
DB01215
DB01216
DB01217
DB01218
DB01219
DB01220
DB01221
DB01222
DB01223
DB01224
DB01225
DB01226
DB01227
DB01228
DB01229
DB01231
DB01232
DB01233
DB01234
DB01235
DB01236
DB01237
DB01238
DB01239
DB01240
DB01241
DB01242
DB01244
DB01245
DB01246
DB01247
DB01248
DB01250
DB01251
DB01252
DB01253
DB01254
DB01255
DB01256
DB01257
DB01259
DB01260
DB01261
DB01262
DB01263
DB01264
DB01267
DB01268
DB01269
DB01270
DB01271
DB01273
DB01274
DB01275
DB01276
DB01277
DB01278
DB01279
DB01280
DB01281
DB01282
DB01283
DB01284
DB01285
DB01288
DB01289
DB01291
DB01294
DB01295
DB01296
DB01297
DB01301
DB01303
DB01306
DB01307
DB01309
DB01319
DB01320
DB01321
DB01323
DB01324
DB01325
DB01326
DB01327
DB01328
DB01329
DB01330
DB01332
DB01333
DB01336
DB01337
DB01338
DB01339
DB01340
DB01341
DB01342
DB01345
DB01346
DB01347
DB01348
DB01349
DB01351
DB01352
DB01353
DB01354
DB01355
DB01356
DB01357
DB01359
DB01363
DB01364
DB01365
DB01366
DB01367
DB01369
DB01370
DB01373
DB01375
DB01378
DB01380
DB01381
DB01382
DB01384
DB01388
DB01392
DB01393
DB01394
DB01395
DB01396
DB01397
DB01399
DB01400
DB01401
DB01403
DB01404
DB01405
DB01406
DB01407
DB01408
DB01409
DB01410
DB01411
DB01412
DB01413
DB01414
DB01415
DB01418
DB01419
DB01420
DB01422
DB01424
DB01425
DB01426
DB01427
DB01428
DB01429
DB01430
DB01431
DB01433
DB01435
DB01436
DB01437
DB01438
DB01439
DB01440
DB01442
DB01444
DB01445
DB01452
DB01454
DB01463
DB01466
DB01472
DB01481
DB01483
DB01488
DB01496
DB01497
DB01520
DB01525
DB01535
DB01536
DB01537
DB01541
DB01544
DB01548
DB01549
DB01551
DB01558
DB01559
DB01561
DB01562
DB01564
DB01565
DB01567
DB01569
DB01571
DB01576
DB01577
DB01579
DB01580
DB01581
DB01582
DB01583
DB01586
DB01587
DB01588
DB01589
DB01590
DB01591
DB01592
DB01593
DB01594
DB01595
DB01597
DB01599
DB01600
DB01601
DB01608
DB01609
DB01610
DB01611
DB01612
DB01613
DB01614
DB01615
DB01616
DB01618
DB01619
DB01620
DB01621
DB01622
DB01623
DB01624
DB01625
DB01626
DB01628
DB01629
DB01630
DB01631
DB01632
DB01640
DB01643
DB01644
DB01645
DB01646
DB01647
DB01649
DB01651
DB01656
DB01662
DB01664
DB01665
DB01667
DB01671
DB01672
DB01675
DB01677
DB01678
DB01684
DB01685
DB01686
DB01689
DB01692
DB01694
DB01698
DB01699
DB01700
DB01704
DB01705
DB01708
DB01711
DB01712
DB01717
DB01723
DB01725
DB01727
DB01728
DB01731
DB01733
DB01734
DB01736
DB01737
DB01738
DB01741
DB01742
DB01745
DB01746
DB01748
DB01751
DB01752
DB01754
DB01761
DB01762
DB01763
DB01764
DB01765
DB01766
DB01767
DB01771
DB01772
DB01776
DB01782
DB01784
DB01785
DB01790
DB01791
DB01793
DB01800
DB01805
DB01807
DB01809
DB01810
DB01811
DB01812
DB01819
DB01820
DB01821
DB01823
DB01827
DB01830
DB01831
DB01833
DB01834
DB01835
DB01836
DB01837
DB01838
DB01839
DB01842
DB01843
DB01844
DB01854
DB01858
DB01861
DB01863
DB01864
DB01866
DB01871
DB01873
DB01876
DB01877
DB01878
DB01880
DB01884
DB01888
DB01890
DB01892
DB01893
DB01901
DB01905
DB01908
DB01915
DB01917
DB01922
DB01926
DB01927
DB01931
DB01933
DB01939
DB01941
DB01942
DB01946
DB01947
DB01948
DB01949
DB01950
DB01951
DB01953
DB01954
DB01955
DB01956
DB01959
DB01960
DB01961
DB01962
DB01963
DB01964
DB01966
DB01970
DB01972
DB01977
DB01983
DB01988
DB01992
DB01996
DB01997
DB01998
DB02004
DB02007
DB02008
DB02010
DB02011
DB02014
DB02016
DB02018
DB02020
DB02021
DB02027
DB02029
DB02032
DB02034
DB02044
DB02045
DB02047
DB02048
DB02049
DB02052
DB02054
DB02056
DB02057
DB02058
DB02059
DB02062
DB02063
DB02067
DB02068
DB02069
DB02071
DB02072
DB02073
DB02076
DB02077
DB02078
DB02079
DB02080
DB02081
DB02084
DB02087
DB02089
DB02090
DB02091
DB02093
DB02095
DB02096
DB02097
DB02098
DB02101
DB02103
DB02104
DB02105
DB02106
DB02108
DB02109
DB02110
DB02112
DB02115
DB02116
DB02118
DB02123
DB02126
DB02131
DB02132
DB02141
DB02142
DB02143
DB02144
DB02148
DB02152
DB02153
DB02158
DB02161
DB02162
DB02165
DB02166
DB02169
DB02170
DB02175
DB02177
DB02179
DB02181
DB02183
DB02187
DB02195
DB02196
DB02197
DB02198
DB02205
DB02207
DB02209
DB02210
DB02211
DB02216
DB02217
DB02218
DB02220
DB02221
DB02222
DB02226
DB02230
DB02234
DB02235
DB02236
DB02239
DB02243
DB02249
DB02258
DB02259
DB02260
DB02261
DB02262
DB02264
DB02266
DB02267
DB02269
DB02272
DB02277
DB02281
DB02282
DB02285
DB02287
DB02288
DB02292
DB02296
DB02297
DB02300
DB02303
DB02306
DB02308
DB02309
DB02310
DB02311
DB02315
DB02318
DB02320
DB02322
DB02323
DB02325
DB02326
DB02328
DB02329
DB02335
DB02336
DB02337
DB02338
DB02340
DB02341
DB02342
DB02343
DB02345
DB02347
DB02348
DB02350
DB02352
DB02353
DB02354
DB02358
DB02359
DB02360
DB02363
DB02366
DB02367
DB02371
DB02373
DB02375
DB02377
DB02378
DB02379
DB02381
DB02383
DB02388
DB02391
DB02393
DB02395
DB02398
DB02400
DB02401
DB02404
DB02407
DB02417
DB02419
DB02420
DB02422
DB02424
DB02426
DB02427
DB02429
DB02431
DB02432
DB02435
DB02436
DB02445
DB02447
DB02448
DB02449
DB02452
DB02458
DB02459
DB02462
DB02463
DB02464
DB02465
DB02466
DB02468
DB02471
DB02472
DB02473
DB02479
DB02481
DB02482
DB02483
DB02486
DB02490
DB02491
DB02492
DB02498
DB02499
DB02504
DB02506
DB02507
DB02508
DB02509
DB02510
DB02512
DB02515
DB02518
DB02519
DB02526
DB02527
DB02530
DB02535
DB02538
DB02541
DB02545
DB02546
DB02547
DB02548
DB02550
DB02551
DB02552
DB02553
DB02555
DB02556
DB02557
DB02558
DB02559
DB02562
DB02565
DB02568
DB02569
DB02573
DB02581
DB02583
DB02585
DB02587
DB02589
DB02594
DB02596
DB02597
DB02598
DB02602
DB02603
DB02604
DB02607
DB02610
DB02613
DB02615
DB02616
DB02620
DB02621
DB02622
DB02624
DB02628
DB02633
DB02635
DB02637
DB02638
DB02640
DB02643
DB02644
DB02647
DB02648
DB02651
DB02656
DB02659
DB02660
DB02661
DB02662
DB02665
DB02673
DB02676
DB02678
DB02679
DB02684
DB02685
DB02689
DB02690
DB02691
DB02696
DB02697
DB02698
DB02701
DB02703
DB02705
DB02709
DB02710
DB02712
DB02714
DB02715
DB02716
DB02719
DB02720
DB02721
DB02723
DB02726
DB02727
DB02728
DB02731
DB02733
DB02735
DB02740
DB02741
DB02742
DB02744
DB02745
DB02746
DB02750
DB02751
DB02754
DB02757
DB02762
DB02763
DB02767
DB02772
DB02773
DB02776
DB02778
DB02779
DB02783
DB02784
DB02789
DB02796
DB02800
DB02803
DB02805
DB02811
DB02812
DB02813
DB02818
DB02820
DB02821
DB02822
DB02824
DB02825
DB02827
DB02830
DB02831
DB02833
DB02834
DB02840
DB02843
DB02845
DB02848
DB02850
DB02852
DB02853
DB02854
DB02855
DB02857
DB02859
DB02860
DB02861
DB02866
DB02868
DB02869
DB02871
DB02872
DB02873
DB02875
DB02877
DB02878
DB02884
DB02887
DB02888
DB02889
DB02893
DB02894
DB02895
DB02898
DB02901
DB02902
DB02908
DB02910
DB02911
DB02915
DB02917
DB02918
DB02919
DB02925
DB02930
DB02932
DB02933
DB02935
DB02936
DB02942
DB02943
DB02950
DB02952
DB02953
DB02955
DB02963
DB02964
DB02966
DB02967
DB02973
DB02977
DB02979
DB02983
DB02984
DB02986
DB02987
DB02989
DB02991
DB02994
DB02998
DB02999
DB03003
DB03005
DB03008
DB03009
DB03010
DB03013
DB03015
DB03016
DB03017
DB03019
DB03020
DB03021
DB03023
DB03024
DB03028
DB03032
DB03033
DB03035
DB03039
DB03040
DB03041
DB03042
DB03044
DB03046
DB03048
DB03052
DB03056
DB03058
DB03059
DB03060
DB03061
DB03065
DB03066
DB03067
DB03070
DB03072
DB03073
DB03078
DB03081
DB03082
DB03083
DB03084
DB03085
DB03086
DB03088
DB03092
DB03093
DB03095
DB03096
DB03100
DB03101
DB03102
DB03103
DB03104
DB03106
DB03109
DB03110
DB03114
DB03115
DB03121
DB03124
DB03125
DB03127
DB03128
DB03129
DB03130
DB03133
DB03136
DB03137
DB03144
DB03147
DB03150
DB03152
DB03153
DB03154
DB03155
DB03159
DB03166
DB03167
DB03169
DB03173
DB03176
DB03181
DB03183
DB03185
DB03186
DB03187
DB03191
DB03192
DB03193
DB03195
DB03203
DB03206
DB03207
DB03213
DB03214
DB03216
DB03217
DB03218
DB03220
DB03221
DB03222
DB03226
DB03227
DB03233
DB03239
DB03240
DB03243
DB03245
DB03247
DB03250
DB03251
DB03253
DB03255
DB03256
DB03262
DB03267
DB03268
DB03270
DB03273
DB03276
DB03279
DB03280
DB03283
DB03286
DB03288
DB03294
DB03297
DB03298
DB03305
DB03306
DB03307
DB03309
DB03310
DB03311
DB03314
DB03316
DB03317
DB03319
DB03326
DB03328
DB03329
DB03330
DB03331
DB03332
DB03333
DB03336
DB03337
DB03338
DB03345
DB03346
DB03347
DB03348
DB03349
DB03351
DB03354
DB03359
DB03365
DB03366
DB03367
DB03368
DB03370
DB03372
DB03373
DB03374
DB03376
DB03380
DB03381
DB03382
DB03383
DB03384
DB03385
DB03390
DB03392
DB03393
DB03395
DB03396
DB03397
DB03401
DB03403
DB03405
DB03408
DB03413
DB03414
DB03415
DB03417
DB03419
DB03424
DB03425
DB03428
DB03429
DB03434
DB03435
DB03439
DB03442
DB03443
DB03444
DB03447
DB03448
DB03449
DB03451
DB03453
DB03455
DB03456
DB03459
DB03461
DB03466
DB03467
DB03468
DB03471
DB03476
DB03477
DB03478
DB03479
DB03480
DB03483
DB03485
DB03486
DB03490
DB03491
DB03495
DB03496
DB03499
DB03501
DB03504
DB03506
DB03507
DB03509
DB03510
DB03512
DB03516
DB03523
DB03525
DB03526
DB03535
DB03536
DB03539
DB03541
DB03542
DB03546
DB03551
DB03552
DB03553
DB03554
DB03555
DB03556
DB03557
DB03559
DB03566
DB03568
DB03572
DB03573
DB03575
DB03577
DB03581
DB03583
DB03585
DB03588
DB03589
DB03591
DB03593
DB03594
DB03595
DB03596
DB03597
DB03598
DB03600
DB03602
DB03604
DB03606
DB03608
DB03609
DB03611
DB03612
DB03615
DB03616
DB03619
DB03621
DB03622
DB03623
DB03626
DB03628
DB03632
DB03633
DB03635
DB03636
DB03637
DB03639
DB03642
DB03643
DB03650
DB03657
DB03660
DB03661
DB03663
DB03664
DB03666
DB03667
DB03670
DB03672
DB03673
DB03677
DB03680
DB03682
DB03683
DB03685
DB03686
DB03690
DB03691
DB03693
DB03695
DB03696
DB03697
DB03701
DB03703
DB03704
DB03706
DB03707
DB03708
DB03709
DB03710
DB03712
DB03714
DB03719
DB03721
DB03722
DB03725
DB03726
DB03727
DB03729
DB03731
DB03732
DB03736
DB03737
DB03738
DB03740
DB03742
DB03744
DB03747
DB03749
DB03752
DB03753
DB03754
DB03756
DB03758
DB03759
DB03760
DB03765
DB03766
DB03767
DB03769
DB03772
DB03773
DB03777
DB03781
DB03782
DB03783
DB03784
DB03788
DB03791
DB03792
DB03793
DB03796
DB03800
DB03801
DB03802
DB03807
DB03809
DB03814
DB03821
DB03822
DB03824
DB03825
DB03828
DB03832
DB03835
DB03837
DB03841
DB03844
DB03845
DB03847
DB03848
DB03849
DB03850
DB03851
DB03856
DB03860
DB03861
DB03864
DB03865
DB03866
DB03867
DB03876
DB03877
DB03878
DB03880
DB03881
DB03882
DB03884
DB03886
DB03889
DB03891
DB03892
DB03893
DB03894
DB03899
DB03900
DB03902
DB03903
DB03904
DB03906
DB03907
DB03909
DB03910
DB03917
DB03918
DB03924
DB03925
DB03926
DB03928
DB03929
DB03932
DB03934
DB03935
DB03937
DB03940
DB03944
DB03945
DB03948
DB03950
DB03951
DB03953
DB03955
DB03957
DB03958
DB03959
DB03963
DB03968
DB03971
DB03974
DB03975
DB03976
DB03977
DB03978
DB03980
DB03981
DB03982
DB03983
DB03984
DB03987
DB03988
DB03991
DB03994
DB03996
DB04000
DB04001
DB04002
DB04003
DB04005
DB04006
DB04008
DB04009
DB04010
DB04012
DB04013
DB04014
DB04016
DB04017
DB04018
DB04020
DB04021
DB04027
DB04036
DB04043
DB04044
DB04048
DB04054
DB04055
DB04057
DB04059
DB04065
DB04068
DB04069
DB04071
DB04074
DB04076
DB04079
DB04080
DB04081
DB04083
DB04088
DB04089
DB04090
DB04094
DB04099
DB04100
DB04101
DB04105
DB04106
DB04107
DB04108
DB04109
DB04112
DB04113
DB04114
DB04115
DB04125
DB04126
DB04129
DB04132
DB04133
DB04136
DB04137
DB04140
DB04141
DB04142
DB04144
DB04147
DB04149
DB04150
DB04151
DB04152
DB04153
DB04172
DB04173
DB04175
DB04178
DB04180
DB04185
DB04186
DB04187
DB04195
DB04197
DB04203
DB04204
DB04207
DB04209
DB04213
DB04215
DB04216
DB04217
DB04218
DB04223
DB04224
DB04232
DB04233
DB04234
DB04235
DB04237
DB04238
DB04244
DB04246
DB04249
DB04250
DB04253
DB04254
DB04256
DB04258
DB04260
DB04263
DB04269
DB04270
DB04271
DB04272
DB04273
DB04275
DB04276
DB04278
DB04281
DB04285
DB04287
DB04288
DB04295
DB04297
DB04299
DB04301
DB04307
DB04310
DB04311
DB04312
DB04315
DB04322
DB04324
DB04325
DB04326
DB04327
DB04331
DB04334
DB04335
DB04336
DB04338
DB04339
DB04343
DB04345
DB04348
DB04350
DB04352
DB04356
DB04363
DB04365
DB04366
DB04367
DB04368
DB04369
DB04371
DB04372
DB04376
DB04377
DB04379
DB04381
DB04387
DB04389
DB04391
DB04392
DB04394
DB04395
DB04398
DB04400
DB04404
DB04405
DB04407
DB04409
DB04410
DB04416
DB04417
DB04418
DB04419
DB04424
DB04429
DB04432
DB04437
DB04440
DB04442
DB04444
DB04445
DB04446
DB04447
DB04448
DB04450
DB04451
DB04453
DB04454
DB04459
DB04461
DB04462
DB04463
DB04464
DB04465
DB04466
DB04468
DB04469
DB04470
DB04471
DB04473
DB04474
DB04476
DB04477
DB04478
DB04487
DB04491
DB04493
DB04495
DB04505
DB04509
DB04513
DB04514
DB04518
DB04519
DB04521
DB04522
DB04523
DB04525
DB04530
DB04531
DB04534
DB04537
DB04539
DB04540
DB04542
DB04544
DB04549
DB04551
DB04552
DB04556
DB04557
DB04559
DB04560
DB04563
DB04566
DB04572
DB04573
DB04574
DB04575
DB04576
DB04577
DB04578
DB04579
DB04581
DB04583
DB04585
DB04588
DB04590
DB04591
DB04593
DB04594
DB04599
DB04600
DB04601
DB04604
DB04606
DB04607
DB04608
DB04612
DB04614
DB04615
DB04616
DB04617
DB04618
DB04620
DB04622
DB04629
DB04630
DB04632
DB04633
DB04636
DB04639
DB04642
DB04643
DB04644
DB04645
DB04648
DB04652
DB04653
DB04654
DB04655
DB04657
DB04660
DB04662
DB04665
DB04669
DB04672
DB04673
DB04674
DB04677
DB04678
DB04679
DB04680
DB04681
DB04683
DB04685
DB04689
DB04690
DB04697
DB04700
DB04701
DB04703
DB04707
DB04709
DB04711
DB04714
DB04715
DB04716
DB04719
DB04720
DB04721
DB04722
DB04723
DB04724
DB04725
DB04727
DB04733
DB04736
DB04738
DB04739
DB04741
DB04743
DB04751
DB04752
DB04753
DB04754
DB04756
DB04757
DB04758
DB04759
DB04760
DB04761
DB04763
DB04764
DB04767
DB04768
DB04769
DB04770
DB04771
DB04772
DB04774
DB04775
DB04776
DB04781
DB04783
DB04786
DB04787
DB04789
DB04790
DB04791
DB04792
DB04793
DB04794
DB04795
DB04796
DB04797
DB04798
DB04799
DB04800
DB04801
DB04803
DB04816
DB04817
DB04818
DB04820
DB04821
DB04824
DB04825
DB04827
DB04828
DB04829
DB04831
DB04832
DB04833
DB04835
DB04836
DB04837
DB04838
DB04839
DB04840
DB04841
DB04842
DB04843
DB04844
DB04845
DB04846
DB04847
DB04849
DB04850
DB04851
DB04852
DB04853
DB04854
DB04855
DB04856
DB04857
DB04859
DB04860
DB04861
DB04863
DB04864
DB04866
DB04867
DB04868
DB04869
DB04871
DB04872
DB04873
DB04875
DB04876
DB04877
DB04878
DB04879
DB04880
DB04881
DB04882
DB04883
DB04884
DB04885
DB04886
DB04888
DB04889
DB04890
DB04891
DB04892
DB04893
DB04894
DB04895
DB04896
DB04898
DB04899
DB04901
DB04903
DB04905
DB04908
DB04910
DB04911
DB04912
DB04915
DB04917
DB04919
DB04920
DB04924
DB04925
DB04926
DB04927
DB04929
DB04930
DB04931
DB04932
DB04933
DB04934
DB04938
DB04941
DB04942
DB04946
DB04947
DB04948
DB04951
DB04953
DB04954
DB04956
DB04957
DB04958
DB04959
DB04960
DB04961
DB04964
DB04967
DB04970
DB04971
DB04972
DB04973
DB04974
DB04975
DB04977
DB04978
DB04982
DB04983
DB04985
DB04988
DB04991
DB04997
DB04998
DB05001
DB05003
DB05004
DB05005
DB05009
DB05010
DB05012
DB05013
DB05014
DB05015
DB05016
DB05017
DB05018
DB05022
DB05023
DB05024
DB05025
DB05029
DB05032
DB05033
DB05034
DB05035
DB05036
DB05037
DB05038
DB05039
DB05041
DB05042
DB05044
DB05045
DB05046
DB05047
DB05049
DB05050
DB05052
DB05053
DB05057
DB05064
DB05069
DB05070
DB05072
DB05073
DB05075
DB05076
DB05077
DB05078
DB05079
DB05080
DB05084
DB05085
DB05087
DB05088
DB05091
DB05092
DB05095
DB05096
DB05098
DB05099
DB05101
DB05104
DB05107
DB05109
DB05110
DB05111
DB05115
DB05116
DB05119
DB05120
DB05122
DB05125
DB05127
DB05129
DB05130
DB05131
DB05133
DB05134
DB05137
DB05139
DB05141
DB05142
DB05146
DB05147
DB05149
DB05150
DB05152
DB05155
DB05157
DB05159
DB05161
DB05165
DB05166
DB05168
DB05169
DB05171
DB05177
DB05183
DB05184
DB05187
DB05188
DB05190
DB05191
DB05192
DB05194
DB05197
DB05198
DB05199
DB05200
DB05201
DB05202
DB05203
DB05204
DB05205
DB05207
DB05210
DB05212
DB05214
DB05217
DB05218
DB05219
DB05220
DB05223
DB05225
DB05227
DB05229
DB05232
DB05233
DB05234
DB05235
DB05239
DB05241
DB05243
DB05246
DB05249
DB05252
DB05253
DB05254
DB05255
DB05258
DB05259
DB05260
DB05262
DB05264
DB05266
DB05268
DB05271
DB05281
DB05282
DB05284
DB05289
DB05290
DB05294
DB05295
DB05297
DB05298
DB05299
DB05301
DB05303
DB05304
DB05305
DB05307
DB05308
DB05309
DB05311
DB05316
DB05317
DB05319
DB05327
DB05332
DB05337
DB05339
DB05341
DB05343
DB05345
DB05351
DB05352
DB05361
DB05362
DB05364
DB05367
DB05369
DB05372
DB05374
DB05381
DB05382
DB05383
DB05386
DB05387
DB05389
DB05390
DB05391
DB05394
DB05395
DB05398
DB05399
DB05403
DB05404
DB05407
DB05408
DB05412
DB05413
DB05415
DB05416
DB05417
DB05418
DB05419
DB05420
DB05421
DB05422
DB05423
DB05424
DB05428
DB05429
DB05431
DB05432
DB05434
DB05442
DB05443
DB05446
DB05448
DB05449
DB05451
DB05452
DB05455
DB05457
DB05458
DB05459
DB05460
DB05461
DB05463
DB05464
DB05465
DB05466
DB05467
DB05468
DB05469
DB05470
DB05471
DB05472
DB05475
DB05476
DB05478
DB05479
DB05481
DB05482
DB05483
DB05484
DB05487
DB05488
DB05490
DB05492
DB05494
DB05495
DB05501
DB05505
DB05506
DB05507
DB05509
DB05510
DB05511
DB05518
DB05521
DB05524
DB05530
DB05532
DB05533
DB05540
DB05541
DB05578
DB05595
DB05630
DB05662
DB05675
DB05676
DB05679
DB05685
DB05687
DB05688
DB05708
DB05712
DB05713
DB05736
DB05737
DB05739
DB05740
DB05744
DB05749
DB05750
DB05752
DB05758
DB05766
DB05767
DB05771
DB05773
DB05777
DB05785
DB05786
DB05787
DB05790
DB05792
DB05793
DB05796
DB05797
DB05798
DB05801
DB05804
DB05806
DB05812
DB05814
DB05824
DB05829
DB05831
DB05838
DB05846
DB05848
DB05849
DB05854
DB05855
DB05864
DB05869
DB05875
DB05876
DB05879
DB05882
DB05883
DB05885
DB05889
DB05890
DB05892
DB05895
DB05897
DB05905
DB05913
DB05915
DB05916
DB05920
DB05930
DB05939
DB05943
DB05944
DB05950
DB05990
DB06016
DB06042
DB06043
DB06061
DB06064
DB06069
DB06070
DB06073
DB06077
DB06080
DB06083
DB06089
DB06090
DB06094
DB06096
DB06097
DB06098
DB06101
DB06103
DB06127
DB06144
DB06145
DB06147
DB06148
DB06150
DB06151
DB06152
DB06155
DB06162
DB06168
DB06176
DB06186
DB06190
DB06196
DB06201
DB06202
DB06203
DB06204
DB06205
DB06207
DB06209
DB06210
DB06211
DB06212
DB06213
DB06216
DB06217
DB06218
DB06228
DB06230
DB06235
DB06237
DB06243
DB06262
DB06263
DB06264
DB06266
DB06267
DB06268
DB06271
DB06273
DB06274
DB06282
DB06285
DB06287
DB06288
DB06290
DB06292
DB06317
DB06335
DB06366
DB06372
DB06401
DB06403
DB06404
DB06410
DB06412
DB06413
DB06414
DB06419
DB06436
DB06439
DB06441
DB06444
DB06470
DB06471
DB06480
DB06512
DB06543
DB06554
DB06579
DB06589
DB06594
DB06595
DB06603
DB06605
DB06612
DB06616
DB06623
DB06626
DB06636
DB06637
DB06643
DB06650
DB06654
DB06655
DB06663
DB06670
DB06674
DB06678
DB06681
DB06684
DB06685
DB06688
DB06691
DB06692
DB06693
DB06694
DB06695
DB06697
DB06698
DB06699
DB06700
DB06701
DB06702
DB06704
DB06705
DB06706
DB06707
DB06708
DB06709
DB06710
DB06711
DB06712
DB06713
DB06714
DB06716
DB06717
DB06719
DB06720
DB06725
DB06726
DB06727
DB06728
DB06729
DB06730
DB06731
DB06732
DB06735
DB06736
DB06737
DB06738
DB06739
DB06741
DB06742
DB06751
DB06752
DB06756
DB06757
DB06764
DB06766
DB06769
DB06770
DB06772
DB06774
DB06777
DB06779
DB06781
DB06782
DB06784
DB06785
DB06787
DB06788
DB06789
DB06791
DB06796
DB06800
DB06802
DB06803
DB06804
DB06809
DB06813
DB06819
DB06820
DB06822
DB06823
DB06825
DB06828
DB06829
DB06831
DB06832
DB06834
DB06835
DB06836
DB06838
DB06840
DB06841
DB06842
DB06844
DB06845
DB06850
DB06851
DB06852
DB06853
DB06855
DB06856
DB06857
DB06858
DB06859
DB06861
DB06862
DB06865
DB06866
DB06868
DB06869
DB06870
DB06871
DB06875
DB06876
DB06877
DB06878
DB06879
DB06880
DB06882
DB06883
DB06884
DB06885
DB06887
DB06888
DB06891
DB06892
DB06894
DB06896
DB06898
DB06899
DB06902
DB06905
DB06907
DB06908
DB06909
DB06911
DB06914
DB06916
DB06917
DB06918
DB06919
DB06920
DB06921
DB06923
DB06925
DB06926
DB06927
DB06928
DB06929
DB06930
DB06932
DB06933
DB06935
DB06936
DB06937
DB06938
DB06939
DB06940
DB06941
DB06942
DB06944
DB06947
DB06948
DB06953
DB06954
DB06956
DB06957
DB06958
DB06961
DB06962
DB06964
DB06967
DB06969
DB06971
DB06972
DB06973
DB06976
DB06983
DB06984
DB06985
DB06986
DB06987
DB06991
DB06992
DB06993
DB06994
DB06995
DB06996
DB06997
DB06999
DB07000
DB07001
DB07002
DB07003
DB07004
DB07005
DB07006
DB07007
DB07008
DB07009
DB07010
DB07011
DB07013
DB07014
DB07015
DB07016
DB07017
DB07019
DB07021
DB07022
DB07023
DB07024
DB07025
DB07026
DB07027
DB07028
DB07029
DB07030
DB07031
DB07032
DB07033
DB07034
DB07036
DB07037
DB07038
DB07039
DB07046
DB07047
DB07048
DB07049
DB07050
DB07051
DB07053
DB07054
DB07056
DB07058
DB07059
DB07063
DB07064
DB07065
DB07066
DB07067
DB07069
DB07070
DB07071
DB07072
DB07073
DB07074
DB07075
DB07076
DB07077
DB07078
DB07080
DB07081
DB07082
DB07083
DB07086
DB07087
DB07088
DB07089
DB07091
DB07092
DB07093
DB07094
DB07095
DB07096
DB07099
DB07100
DB07101
DB07102
DB07104
DB07105
DB07106
DB07108
DB07110
DB07111
DB07112
DB07113
DB07117
DB07119
DB07120
DB07122
DB07126
DB07128
DB07129
DB07130
DB07131
DB07132
DB07133
DB07134
DB07135
DB07136
DB07137
DB07138
DB07139
DB07140
DB07141
DB07142
DB07143
DB07144
DB07146
DB07148
DB07149
DB07150
DB07151
DB07154
DB07156
DB07157
DB07158
DB07159
DB07160
DB07161
DB07162
DB07163
DB07164
DB07165
DB07167
DB07172
DB07174
DB07175
DB07176
DB07179
DB07181
DB07182
DB07183
DB07186
DB07187
DB07190
DB07193
DB07194
DB07195
DB07196
DB07197
DB07198
DB07201
DB07202
DB07203
DB07205
DB07206
DB07207
DB07208
DB07209
DB07210
DB07211
DB07212
DB07213
DB07215
DB07216
DB07217
DB07219
DB07220
DB07223
DB07224
DB07225
DB07226
DB07227
DB07228
DB07229
DB07230
DB07231
DB07232
DB07234
DB07236
DB07237
DB07239
DB07240
DB07242
DB07243
DB07244
DB07245
DB07246
DB07247
DB07248
DB07249
DB07250
DB07251
DB07252
DB07253
DB07254
DB07255
DB07256
DB07257
DB07258
DB07259
DB07260
DB07261
DB07263
DB07264
DB07265
DB07266
DB07269
DB07270
DB07271
DB07274
DB07277
DB07278
DB07279
DB07281
DB07282
DB07283
DB07284
DB07285
DB07286
DB07288
DB07289
DB07292
DB07294
DB07295
DB07297
DB07298
DB07299
DB07300
DB07302
DB07303
DB07306
DB07307
DB07309
DB07310
DB07311
DB07312
DB07313
DB07314
DB07315
DB07316
DB07317
DB07318
DB07319
DB07320
DB07321
DB07322
DB07323
DB07324
DB07325
DB07326
DB07328
DB07330
DB07333
DB07334
DB07335
DB07336
DB07339
DB07340
DB07341
DB07342
DB07345
DB07346
DB07347
DB07348
DB07350
DB07353
DB07354
DB07356
DB07357
DB07358
DB07359
DB07360
DB07361
DB07362
DB07363
DB07364
DB07366
DB07368
DB07369
DB07371
DB07375
DB07376
DB07377
DB07378
DB07379
DB07380
DB07383
DB07385
DB07388
DB07389
DB07390
DB07393
DB07395
DB07396
DB07397
DB07400
DB07401
DB07402
DB07405
DB07406
DB07412
DB07415
DB07419
DB07421
DB07422
DB07423
DB07425
DB07427
DB07428
DB07430
DB07431
DB07437
DB07440
DB07441
DB07443
DB07444
DB07446
DB07449
DB07450
DB07453
DB07454
DB07455
DB07456
DB07457
DB07459
DB07460
DB07461
DB07462
DB07465
DB07467
DB07471
DB07474
DB07476
DB07477
DB07479
DB07480
DB07482
DB07485
DB07486
DB07491
DB07493
DB07495
DB07497
DB07498
DB07501
DB07502
DB07503
DB07504
DB07508
DB07509
DB07512
DB07513
DB07514
DB07515
DB07517
DB07519
DB07520
DB07521
DB07522
DB07524
DB07525
DB07527
DB07528
DB07529
DB07530
DB07531
DB07533
DB07534
DB07535
DB07537
DB07538
DB07539
DB07540
DB07542
DB07543
DB07544
DB07545
DB07548
DB07549
DB07550
DB07555
DB07556
DB07557
DB07559
DB07561
DB07562
DB07563
DB07567
DB07573
DB07574
DB07577
DB07579
DB07580
DB07584
DB07585
DB07586
DB07587
DB07589
DB07592
DB07593
DB07594
DB07595
DB07596
DB07597
DB07598
DB07601
DB07602
DB07605
DB07606
DB07607
DB07609
DB07612
DB07617
DB07618
DB07619
DB07621
DB07622
DB07623
DB07624
DB07625
DB07626
DB07627
DB07628
DB07629
DB07630
DB07632
DB07633
DB07636
DB07637
DB07638
DB07639
DB07641
DB07642
DB07643
DB07644
DB07645
DB07646
DB07647
DB07648
DB07651
DB07653
DB07654
DB07655
DB07658
DB07659
DB07660
DB07662
DB07664
DB07665
DB07666
DB07668
DB07672
DB07675
DB07676
DB07678
DB07680
DB07681
DB07683
DB07684
DB07685
DB07686
DB07687
DB07688
DB07691
DB07692
DB07693
DB07694
DB07695
DB07696
DB07697
DB07700
DB07701
DB07702
DB07705
DB07707
DB07708
DB07710
DB07711
DB07712
DB07713
DB07714
DB07715
DB07717
DB07718
DB07719
DB07720
DB07723
DB07724
DB07728
DB07730
DB07731
DB07733
DB07734
DB07735
DB07736
DB07737
DB07738
DB07739
DB07741
DB07742
DB07744
DB07746
DB07747
DB07749
DB07750
DB07751
DB07753
DB07754
DB07755
DB07756
DB07757
DB07761
DB07763
DB07764
DB07768
DB07769
DB07771
DB07772
DB07775
DB07776
DB07778
DB07779
DB07780
DB07783
DB07785
DB07786
DB07787
DB07788
DB07790
DB07791
DB07792
DB07793
DB07794
DB07795
DB07796
DB07798
DB07800
DB07801
DB07802
DB07804
DB07807
DB07809
DB07811
DB07812
DB07816
DB07821
DB07827
DB07829
DB07830
DB07831
DB07832
DB07833
DB07834
DB07835
DB07839
DB07840
DB07841
DB07842
DB07843
DB07844
DB07846
DB07847
DB07848
DB07849
DB07851
DB07852
DB07859
DB07863
DB07866
DB07870
DB07872
DB07874
DB07875
DB07876
DB07877
DB07878
DB07879
DB07881
DB07883
DB07887
DB07888
DB07889
DB07895
DB07897
DB07899
DB07900
DB07905
DB07906
DB07909
DB07913
DB07916
DB07919
DB07920
DB07921
DB07922
DB07926
DB07929
DB07931
DB07932
DB07933
DB07934
DB07936
DB07940
DB07941
DB07942
DB07943
DB07944
DB07945
DB07946
DB07947
DB07949
DB07950
DB07954
DB07959
DB07960
DB07962
DB07963
DB07965
DB07966
DB07967
DB07968
DB07969
DB07973
DB07974
DB07975
DB07976
DB07977
DB07978
DB07981
DB07982
DB07983
DB07984
DB07985
DB07986
DB07987
DB07988
DB07991
DB07992
DB07993
DB07994
DB07999
DB08000
DB08001
DB08003
DB08005
DB08006
DB08008
DB08010
DB08011
DB08015
DB08018
DB08019
DB08020
DB08021
DB08022
DB08023
DB08024
DB08025
DB08026
DB08028
DB08029
DB08030
DB08032
DB08033
DB08035
DB08037
DB08039
DB08040
DB08042
DB08043
DB08044
DB08045
DB08046
DB08047
DB08048
DB08049
DB08051
DB08052
DB08053
DB08054
DB08055
DB08056
DB08057
DB08059
DB08060
DB08061
DB08062
DB08063
DB08064
DB08065
DB08066
DB08067
DB08068
DB08072
DB08073
DB08077
DB08078
DB08080
DB08082
DB08083
DB08084
DB08085
DB08087
DB08088
DB08089
DB08091
DB08092
DB08093
DB08094
DB08095
DB08096
DB08097
DB08098
DB08099
DB08100
DB08101
DB08102
DB08103
DB08104
DB08118
DB08119
DB08121
DB08122
DB08123
DB08124
DB08125
DB08126
DB08127
DB08128
DB08129
DB08130
DB08132
DB08133
DB08134
DB08135
DB08136
DB08137
DB08138
DB08139
DB08140
DB08141
DB08142
DB08143
DB08147
DB08151
DB08152
DB08153
DB08155
DB08156
DB08157
DB08159
DB08162
DB08163
DB08164
DB08165
DB08166
DB08167
DB08168
DB08169
DB08172
DB08173
DB08174
DB08175
DB08176
DB08178
DB08179
DB08180
DB08182
DB08184
DB08186
DB08187
DB08190
DB08192
DB08194
DB08195
DB08197
DB08198
DB08200
DB08201
DB08202
DB08205
DB08206
DB08207
DB08208
DB08210
DB08213
DB08214
DB08217
DB08218
DB08219
DB08220
DB08221
DB08222
DB08224
DB08228
DB08229
DB08230
DB08231
DB08232
DB08233
DB08234
DB08238
DB08239
DB08240
DB08241
DB08242
DB08244
DB08246
DB08247
DB08248
DB08249
DB08250
DB08251
DB08254
DB08256
DB08257
DB08258
DB08259
DB08262
DB08263
DB08270
DB08271
DB08277
DB08280
DB08283
DB08285
DB08287
DB08291
DB08292
DB08293
DB08294
DB08296
DB08299
DB08300
DB08301
DB08302
DB08303
DB08304
DB08305
DB08309
DB08312
DB08320
DB08321
DB08322
DB08329
DB08330
DB08332
DB08333
DB08334
DB08335
DB08338
DB08339
DB08340
DB08341
DB08342
DB08345
DB08346
DB08347
DB08349
DB08350
DB08351
DB08352
DB08353
DB08354
DB08355
DB08357
DB08358
DB08360
DB08361
DB08362
DB08363
DB08365
DB08370
DB08371
DB08374
DB08377
DB08382
DB08383
DB08384
DB08385
DB08386
DB08387
DB08388
DB08389
DB08391
DB08392
DB08393
DB08394
DB08395
DB08397
DB08398
DB08400
DB08402
DB08403
DB08406
DB08409
DB08410
DB08411
DB08412
DB08416
DB08418
DB08420
DB08422
DB08423
DB08424
DB08426
DB08429
DB08435
DB08436
DB08439
DB08441
DB08442
DB08443
DB08445
DB08448
DB08449
DB08453
DB08455
DB08461
DB08462
DB08463
DB08464
DB08465
DB08466
DB08467
DB08473
DB08476
DB08478
DB08479
DB08480
DB08482
DB08484
DB08486
DB08487
DB08488
DB08490
DB08491
DB08492
DB08495
DB08497
DB08498
DB08499
DB08500
DB08502
DB08503
DB08504
DB08507
DB08513
DB08515
DB08516
DB08519
DB08520
DB08521
DB08522
DB08527
DB08530
DB08531
DB08532
DB08533
DB08534
DB08535
DB08536
DB08537
DB08538
DB08539
DB08546
DB08549
DB08550
DB08553
DB08555
DB08557
DB08558
DB08560
DB08561
DB08562
DB08564
DB08565
DB08566
DB08572
DB08575
DB08577
DB08583
DB08584
DB08588
DB08591
DB08593
DB08594
DB08595
DB08596
DB08597
DB08599
DB08601
DB08602
DB08604
DB08605
DB08607
DB08611
DB08613
DB08615
DB08617
DB08624
DB08626
DB08631
DB08632
DB08633
DB08642
DB08643
DB08645
DB08651
DB08654
DB08658
DB08659
DB08660
DB08661
DB08672
DB08673
DB08674
DB08675
DB08676
DB08677
DB08683
DB08687
DB08689
DB08690
DB08691
DB08692
DB08693
DB08694
DB08697
DB08705
DB08707
DB08708
DB08709
DB08729
DB08730
DB08734
DB08735
DB08736
DB08737
DB08738
DB08739
DB08740
DB08742
DB08743
DB08744
DB08745
DB08746
DB08749
DB08750
DB08751
DB08752
DB08755
DB08756
DB08760
DB08763
DB08765
DB08768
DB08770
DB08771
DB08772
DB08773
DB08774
DB08775
DB08776
DB08777
DB08778
DB08779
DB08780
DB08781
DB08782
DB08783
DB08786
DB08787
DB08788
DB08789
DB08791
DB08794
DB08795
DB08798
DB08799
DB08800
DB08801
DB08802
DB08804
DB08805
DB08806
DB08807
DB08808
DB08809
DB08810
DB08811
DB08813
DB08814
DB08815
DB08816
DB08818
DB08819
DB08820
DB08822
DB08824
DB08827
DB08828
DB08830
DB08831
DB08834
DB08835
DB08836
DB08837
DB08838
DB08842
DB08844
DB08846
DB08847
DB08848
DB08860
DB08864
DB08865
DB08867
DB08868
DB08869
DB08870
DB08871
DB08872
DB08873
DB08874
DB08875
DB08877
DB08878
DB08879
DB08880
DB08881
DB08882
DB08883
DB08884
DB08885
DB08888
DB08889
DB08890
DB08891
DB08892
DB08893
DB08894
DB08895
DB08896
DB08897
DB08899
DB08900
DB08901
DB08903
DB08904
DB08906
DB08907
DB08909
DB08910
DB08911
DB08912
DB08915
DB08916
DB08918
DB08922
DB08927
DB08930
DB08931
DB08932
DB08933
DB08934
DB08935
DB08936
DB08949
DB08950
DB08954
DB08964
DB08996
DB09006
DB09013
DB09014
DB09016
DB09018
DB09026
DB09027
DB09028
DB09030
DB09031
DB09033
DB09035
DB09036
DB09037
DB09039
DB09043
DB09045
DB09046
DB09047
DB09048
DB09049
DB09051
DB09052
DB09053
DB09054
DB09060
DB09063
DB09065
DB09068
DB09070
DB09071
DB09072
DB09073
DB09074
DB09075
DB09076
DB09078
DB09079
DB09080
DB09082
DB09083
DB09085
DB09086
DB09087
DB09089
DB09090
DB09091
DB09092
DB09093
DB09095
DB09097
DB09101
DB09102
DB09107
DB09110
DB09112
DB09117
DB09118
DB09119
DB09120
DB09123
DB09126
DB09128
DB09129
DB09130
DB09131
DB09137
DB09140
DB09143
DB09146
DB09147
DB09148
DB09149
DB09151
DB09154
DB09161
DB09166
DB09167
DB09183
DB09185
DB09186
DB09194
DB09198
DB09201
DB09202
DB09203
DB09207
DB09211
DB09213
DB09217
DB09220
DB09228
DB09238
DB09239
DB09241
DB09242
DB09256
DB09257
DB09262
DB09265
DB09269
DB09270
DB09272
DB09279
DB09280
DB09283
DB09289
DB09290
DB09291
DB09292
DB09296
DB09297
DB09300
DB09301
DB09304
DB09317
DB09318
DB09322
DB09325
DB09326
DB09330
DB09341
DB09343
DB09351
DB09357
DB09363
DB09374
DB09381
DB09389
DB09395
DB09396
DB09409
DB09422
DB09456
DB09459
DB09460
DB09462
DB09472
DB09477
DB09479
DB09481
DB09488
DB09498
DB09502
DB09517
DB09526
DB09535
DB09539
DB09546
DB09555
DB09559
DB09564
DB09570
DB11064
DB11071
DB11081
DB11085
DB11087
DB11093
DB11094
DB11120
DB11121
DB11133
DB11135
DB11136
DB11166
DB11181
DB11217
DB11219
DB11256
DB11294
DB11300
DB11311
DB11348
DB11359
DB11362
DB11363
DB11386
DB11560
DB11574
DB11575
DB11581
DB11582
DB11590
DB11591
DB11595
DB11598
DB11601
DB11605
DB11611
DB11613
DB11614
DB11623
DB11638
DB11652
DB11660
DB11672
DB11674
DB11691
DB11693
DB11699
DB11703
DB11714
DB11723
DB11730
DB11731
DB11737
DB11738
DB11767
DB11772
DB11781
DB11793
DB11811
DB11817
DB11828
DB11830
DB11831
DB11834
DB11858
DB11914
DB11915
DB11921
DB11943
DB11945
DB11948
DB11949
DB11967
DB11973
DB11979
DB11988
DB11994
DB12001
DB12023
DB12026
DB12061
DB12070
DB12093
DB12095
DB12116
DB12118
DB12119
DB12128
DB12140
DB12159
DB12161
DB12163
DB12191
DB12200
DB12202
DB12228
DB12248
DB12250
DB12267
DB12285
DB12305
DB12307
DB12319
DB12323
DB12332
DB12334
DB12340
DB12364
DB12436
DB12442
DB12445
DB12450
DB12458
DB12465
DB12478
DB12483
DB12518
DB12520
DB12548
DB12555
DB12565
DB12569
DB12582
DB12598
DB12610
DB12637
DB12651
DB12670
DB12693
DB12695
DB12698
DB12702
DB12731
DB12733
DB12742
DB12747
DB12773
DB12831
DB12865
DB12874
DB12890
DB12960
DB12961
DB13003
DB13014
DB13025
DB13044
DB13061
DB13074
DB13083
DB13139
DB13144
DB13146
DB13149
DB13150
DB13151
DB13152
DB13153
DB13154
DB13155
DB13158
DB13164
DB13165
DB13166
DB13167
DB13168
DB13174
DB13179
DB13191
DB13192
DB13520
DB13781
DB13783
DB13869
DB13872
DB13873
DB13874
DB13875
DB13876
DB13878
DB13879
DB13881
DB13915
DB13919
DB13923
DB13925
DB13928
DB13929
DB13930
DB13931
